[[0,2405,614,3240,1863,1593,1229,288,235,2881,878,822,1211,1124,659,510,1951,1149,1740,1162,1517,365,870,2694,1317,3093,1765,1350,1843,800,2022,1587,894,1089,3444,1215,1683,522,1805,424,1111,2457,1778,990,3487,787,1220,1910],[2405,0,1827,1019,944,3559,3315,2638,2559,1185,2117,2409,1860,1596,2501,1997,3809,3232,3695,2607,2069,2047,1876,1461,1588,935,3661,3380,616,3058,1767,3476,2680,1356,1584,3201,3665,2862,1580,2324,1400,815,3587,3153,1764,2786,2243,1070],[614,1827,0,2628,1252,1876,1566,890,734,2274,608,778,770,565,765,488,2193,1480,2023,1112,1137,335,426,2111,777,2480,2018,1658,1243,1244,1519,1827,1004,481,2837,1488,1978,1036,1272,523,713,1844,1987,1368,2888,1033,959,1307],[3240,1019,2628,0,1427,4107,3937,3502,3351,714,2733,3029,2386,2230,3171,2904,4285,3860,4224,3125,2445,2906,2538,1179,2129,163,4168,3972,1414,3775,1916,4001,3291,2150,719,3796,4208,3632,1869,3061,2357,857,4066,3822,948,3445,2730,1449],[1863,944,1252,1427,0,2714,2519,2141,1947,1025,1309,1606,981,803,1743,1622,2929,2441,2840,1736,1134,1564,1111,950,713,1269,2794,2562,459,2348,857,2618,1872,810,1588,2384,2818,2216,641,1641,1241,597,2706,2396,1654,2019,1351,156],[1593,3559,1876,4107,2714,0,376,1631,1359,3522,1443,1155,1733,1964,1111,2077,368,447,149,982,1684,1870,1689,3149,2003,3944,186,245,2944,842,2293,133,890,2257,4020,390,105,1131,2255,1367,2576,3250,278,621,3963,850,1376,2664],[1229,3315,1566,3937,2519,376,0,1256,994,3395,1214,916,1553,1736,819,1723,744,86,517,856,1584,1524,1441,3057,1809,3776,560,135,2701,466,2212,416,647,1981,3918,170,457,755,2130,1045,2250,3082,618,245,3883,536,1239,2488],[288,2638,890,3502,2141,1631,1256,0,368,3163,1149,1051,1495,1412,863,662,1999,1186,1772,1367,1788,597,1158,2982,1606,3358,1813,1387,2096,793,2308,1649,1065,1354,3726,1281,1711,500,2093,678,1291,2732,1848,1010,3772,912,1476,2193],[235,2559,734,3351,1947,1359,994,368,0,2949,820,688,1189,1168,495,737,1718,915,1506,999,1452,563,881,2726,1340,3200,1532,1116,1977,572,2004,1355,702,1215,3509,984,1449,311,1809,346,1316,2544,1548,756,3535,568,1124,1976],[2881,1185,2274,714,1025,3522,3395,3163,2949,0,2234,2516,1857,1782,2684,2642,3665,3325,3628,2552,1838,2589,2081,465,1632,578,3563,3413,1243,3299,1256,3407,2764,1834,563,3242,3619,3201,1269,2627,2202,475,3451,3311,647,2940,2160,974],[878,2117,608,2733,1309,1443,1214,1149,820,2234,0,298,388,524,450,1048,1711,1134,1581,537,639,835,256,1955,608,2573,1552,1267,1501,1065,1190,1365,568,840,2780,1088,1548,1001,1017,476,1288,1884,1492,1089,2780,713,365,1290],[822,2409,778,3029,1606,1155,916,1051,688,2516,298,0,659,821,208,1131,1441,836,1296,356,810,905,535,2217,901,2868,1275,971,1794,796,1416,1085,271,1105,3056,792,1261,787,1275,404,1489,2177,1226,797,3045,424,455,1583],[1211,1860,770,2386,981,1733,1553,1495,1189,1857,388,659,0,333,835,1257,1955,1478,1860,756,376,1076,356,1567,273,2224,1815,1587,1255,1448,815,1637,910,758,2398,1410,1837,1388,629,843,1312,1530,1732,1455,2393,1083,384,937],[1124,1596,565,2230,803,1964,1736,1412,1168,1782,524,821,333,0,943,1039,2218,1655,2100,1020,690,899,308,1570,214,2072,2066,1791,980,1545,958,1881,1092,427,2341,1611,2069,1422,707,846,994,1394,1997,1598,2369,1222,692,811],[659,2501,765,3171,1743,1111,819,863,495,2684,450,208,835,943,0,1036,1431,734,1258,506,1016,812,637,2402,1055,3012,1253,899,1889,615,1614,1063,255,1162,3230,726,1214,579,1461,281,1472,2327,1228,657,3228,285,663,1734],[510,1997,488,2904,1622,2077,1723,662,737,2642,1048,1131,1257,1039,1036,0,2426,1640,2225,1487,1621,226,908,2534,1253,2769,2241,1838,1490,1308,1998,2057,1291,812,3201,1691,2171,1033,1743,755,629,2187,2240,1490,3276,1239,1412,1706],[1951,3809,2193,4285,2929,368,744,1999,1718,3665,1711,1441,1955,2218,1431,2426,0,813,240,1202,1840,2214,1965,3265,2228,4122,187,612,3197,1210,2414,370,1190,2544,4137,737,306,1499,2416,1698,2902,3434,223,989,4059,1188,1578,2862],[1149,3232,1480,3860,2441,447,86,1186,915,3325,1134,836,1478,1655,734,1640,813,0,592,796,1522,1440,1358,2992,1732,3699,627,202,2618,403,2151,469,569,1896,3851,147,534,686,2061,959,2164,3006,671,180,3820,450,1172,2412],[1740,3695,2023,4224,2840,149,517,1772,1506,3628,1581,1296,1860,2100,1258,2225,240,592,0,1105,1791,2019,1829,3246,2131,4061,102,390,3080,980,2390,223,1033,2400,4119,539,65,1272,2365,1515,2725,3368,245,762,4055,999,1496,2785],[1162,2607,1112,3125,1736,982,856,1367,999,2552,537,356,756,1020,506,1487,1202,796,1105,0,728,1261,791,2202,1029,2962,1059,861,1995,925,1356,882,334,1374,3067,695,1084,1018,1283,755,1814,2268,980,836,3028,548,395,1681],[1517,2069,1137,2445,1134,1684,1584,1788,1452,1838,639,810,376,690,1016,1621,1840,1522,1791,728,0,1429,713,1475,546,2282,1728,1586,1496,1590,629,1569,996,1116,2342,1423,1781,1595,576,1113,1682,1596,1622,1544,2300,1203,363,1041],[365,2047,335,2906,1564,1870,1524,597,563,2589,835,905,1076,899,812,226,2214,1440,2019,1261,1429,0,721,2442,1110,2763,2031,1635,1499,1131,1848,1845,1067,763,3151,1482,1967,872,1605,531,753,2148,2024,1298,3210,1026,1200,1629],[870,1876,426,2538,1111,1689,1441,1158,881,2081,256,535,356,308,637,908,1965,1358,1829,791,713,721,0,1845,460,2380,1804,1504,1261,1237,1154,1615,804,584,2638,1325,1795,1120,936,546,1055,1701,1746,1294,2657,919,552,1115],[2694,1461,2111,1179,950,3149,3057,2982,2726,465,1955,2217,1567,1570,2402,2534,3265,2992,3246,2202,1475,2442,1845,0,1386,1038,3175,3061,1314,3012,856,3029,2446,1728,873,2897,3242,2950,942,2388,2191,646,3056,2999,829,2638,1820,836],[1317,1588,777,2129,713,2003,1809,1606,1340,1632,608,901,273,214,1055,1253,2228,1732,2131,1029,546,1110,460,1386,0,1968,2088,1850,987,1669,744,1909,1163,595,2184,1672,2107,1574,496,1005,1175,1277,2005,1696,2198,1320,655,682],[3093,935,2480,163,1269,3944,3776,3358,3200,578,2573,2868,2224,2072,3012,2769,4122,3699,4061,2962,2282,2763,2380,1038,1968,0,4005,3810,1279,3618,1757,3838,3130,2005,696,3634,4045,3479,1706,2906,2234,695,3903,3662,911,3285,2567,1287],[1765,3661,2018,4168,2794,186,560,1813,1532,3563,1552,1275,1815,2066,1253,2241,187,627,102,1059,1728,2031,1804,3175,2088,4005,0,427,3046,1025,2320,191,1018,2380,4048,551,153,1313,2304,1518,2724,3313,144,804,3980,1005,1445,2734],[1350,3380,1658,3972,2562,245,135,1387,1116,3413,1267,971,1587,1791,899,1838,612,202,390,861,1586,1635,1504,3061,1850,3810,427,0,2764,599,2210,283,700,2057,3927,179,334,886,2144,1141,2351,3115,484,377,3884,625,1253,2523],[1843,616,1243,1414,459,2944,2701,2096,1977,1243,1501,1794,1255,980,1889,1490,3197,2618,3080,1995,1496,1499,1261,1314,987,1279,3046,2764,0,2456,1311,2861,2064,763,1771,2585,3049,2274,1076,1723,972,768,2974,2543,1889,2174,1639,615],[800,3058,1244,3775,2348,842,466,793,572,3299,1065,796,1448,1545,615,1308,1210,403,980,925,1590,1131,1237,3012,1669,3618,1025,599,2456,0,2208,872,602,1702,3845,522,918,295,2070,734,1879,2937,1074,223,3840,388,1227,2346],[2022,1767,1519,1916,857,2293,2212,2308,2004,1256,1190,1416,815,958,1614,1998,2414,2151,2390,1356,629,1848,1154,856,744,1757,2320,2210,1311,2208,0,2173,1622,1289,1729,2050,2386,2186,275,1657,1858,1114,2203,2171,1674,1824,988,709],[1587,3476,1827,4001,2618,133,416,1649,1355,3407,1365,1085,1637,1881,1063,2057,370,469,223,882,1569,1845,1615,3029,1909,3838,191,283,2861,872,2173,0,827,2190,3901,372,213,1151,2143,1329,2534,3145,203,649,3841,819,1273,2562],[894,2680,1004,3291,1872,890,647,1065,702,2764,568,271,910,1092,255,1291,1190,569,1033,334,996,1067,804,2446,1163,3130,1018,700,2064,602,1622,827,0,1367,3296,521,995,685,1508,536,1716,2438,982,553,3275,217,634,1843],[1089,1356,481,2150,810,2257,1981,1354,1215,1834,840,1105,758,427,1162,812,2544,1896,2400,1374,1116,763,584,1728,595,2005,2380,2057,763,1702,1289,2190,1367,0,2395,1881,2362,1512,1016,969,581,1386,2327,1804,2464,1446,1094,895],[3444,1584,2837,719,1588,4020,3918,3726,3509,563,2780,3056,2398,2341,3230,3201,4137,3851,4119,3067,2342,3151,2638,873,2184,696,4048,3927,1771,3845,1729,3901,3296,2395,0,3761,4114,3757,1790,3184,2741,1018,3929,3847,233,3480,2679,1535],[1215,3201,1488,3796,2384,390,170,1281,984,3242,1088,792,1410,1611,726,1691,737,147,539,695,1423,1482,1325,2897,1672,3634,551,179,2585,522,2050,372,521,1881,3761,0,490,787,1975,977,2187,2939,568,307,3723,460,1083,2347],[1683,3665,1978,4208,2818,105,457,1711,1449,3619,1548,1261,1837,2069,1214,2171,306,534,65,1084,1781,1967,1795,3242,2107,4045,153,334,3049,918,2386,213,995,2362,4114,490,0,1211,2353,1467,2677,3351,286,702,4054,950,1478,2766],[522,2862,1036,3632,2216,1131,755,500,311,3201,1001,787,1388,1422,579,1033,1499,686,1272,1018,1595,872,1120,2950,1574,3479,1313,886,2274,295,2186,1151,685,1512,3757,787,1211,0,2016,576,1625,2812,1352,510,3770,485,1242,2233],[1805,1580,1272,1869,641,2255,2130,2093,1809,1269,1017,1275,629,707,1461,1743,2416,2061,2365,1283,576,1605,936,942,496,1706,2304,2144,1076,2070,275,2143,1508,1016,1790,1975,2353,2016,0,1465,1584,1025,2198,2060,1770,1696,892,512],[424,2324,523,3061,1641,1367,1045,678,346,2627,476,404,843,846,281,755,1698,959,1515,755,1113,531,546,2388,1005,2906,1518,1141,1723,734,1657,1329,536,969,3184,977,1467,576,1465,0,1210,2236,1501,845,3202,517,800,1657],[1111,1400,713,2357,1241,2576,2250,1291,1316,2202,1288,1489,1312,994,1472,629,2902,2164,2725,1814,1682,753,1055,2191,1175,2234,2724,2351,972,1879,1858,2534,1716,581,2741,2187,2677,1625,1584,1210,0,1729,2698,2035,2849,1728,1604,1366],[2457,815,1844,857,597,3250,3082,2732,2544,475,1884,2177,1530,1394,2327,2187,3434,3006,3368,2268,1596,2148,1701,646,1277,695,3313,3115,768,2937,1114,3145,2438,1386,1018,2939,3351,2812,1025,2236,1729,0,3213,2973,1122,2597,1873,595],[1778,3587,1987,4066,2706,278,618,1848,1548,3451,1492,1226,1732,1997,1228,2240,223,671,245,980,1622,2024,1746,3056,2005,3903,144,484,2974,1074,2203,203,982,2327,3929,568,286,1352,2198,1501,2698,3213,0,851,3856,1001,1356,2640],[990,3153,1368,3822,2396,621,245,1010,756,3311,1089,797,1455,1598,657,1490,989,180,762,836,1544,1298,1294,2999,1696,3662,804,377,2543,223,2171,649,553,1804,3847,307,702,510,2060,845,2035,2973,851,0,3828,377,1184,2379],[3487,1764,2888,948,1654,3963,3883,3772,3535,647,2780,3045,2393,2369,3228,3276,4059,3820,4055,3028,2300,3210,2657,829,2198,911,3980,3884,1889,3840,1674,3841,3275,2464,233,3723,4054,3770,1770,3202,2849,1122,3856,3828,0,3467,2649,1581],[787,2786,1033,3445,2019,850,536,912,568,2940,713,424,1083,1222,285,1239,1188,450,999,548,1203,1026,919,2638,1320,3285,1005,625,2174,388,1824,819,217,1446,3480,460,950,485,1696,517,1728,2597,1001,377,3467,0,840,2003],[1220,2243,959,2730,1351,1376,1239,1476,1124,2160,365,455,384,692,663,1412,1578,1172,1496,395,363,1200,552,1820,655,2567,1445,1253,1639,1227,988,1273,634,1094,2679,1083,1478,1242,892,800,1604,1873,1356,1184,2649,840,0,1289],[1910,1070,1307,1449,156,2664,2488,2193,1976,974,1290,1583,937,811,1734,1706,2862,2412,2785,1681,1041,1629,1115,836,682,1287,2734,2523,615,2346,709,2562,1843,895,1535,2347,2766,2233,512,1657,1366,595,2640,2379,1581,2003,1289,0]]